741653 792099 
741653 949090 
741653 417379 
741653 822777 
42755 949090 
313868 508036 
313868 949090 
313868 417379 
508036 949090 
246640 508036 
246640 949090 
246640 417379 
246640 822777 
646911 792099 
646911 949090 
646911 417379 
646911 661974 
646911 822777 
712528 508036 
712528 949090 
712528 417379 
712528 822777 
13842 741653 
13842 792099 
13842 508036 
13842 246640 
13842 646911 
13842 949090 
13842 417379 
13842 661974 
13842 822777 
13842 87242 
13842 495227 
13842 981185 
14532 741653 
14532 792099 
14532 42755 
14532 313868 
14532 508036 
14532 246640 
14532 949090 
14532 712528 
14532 417379 
14532 661974 
14532 822777 
14532 67057 
7514 741653 
7514 792099 
7514 313868 
7514 508036 
7514 246640 
7514 949090 
7514 712528 
7514 417379 
7514 661974 
7514 822777 
7514 495227 
7514 67057 
417379 949090 
661974 792099 
661974 949090 
661974 417379 
661974 822777 
822777 949090 
87242 792099 
87242 949090 
87242 981185 
50191 792099 
50191 949090 
50191 981185 
495227 508036 
495227 949090 
495227 417379 
67057 949090 
